57831 60387 79031
28706 91177 41354
15755 58765 22212
28467 73514 43014
91766 74431 95699
64957 50317 79146
15287 39067 51766
42012 33402 30612
70105 24893 47815
22035 99487 79009
19900 88785 87903
10227 26397 61036
80325 68451 92410
44614 20067 79044
75251 52608 88889
13221 32755 79081
62647 88958 91277
70639 16375 21118
72740 10162 41117
56341 30332 82394
20963 98449 14647
43585 66350 16324
50604 33574 82342
60687 90298 48634
67824 77709 31030
94294 81224 78433
19881 16762 92435
90037 57506 20952
45669 27211 76018
18689 80210 61457
